20180903
20190922
20220626
20171225
20210713
20211110
20240603
20231019
20180130
20211005
20180530
20250117
20210315
20181102
20230504
20170312
20171113
20210126
20211216
20180816
20230128
20220226
20170815
20200120
20170204
20190407
20230410
20190212
20240721
20210514
20241118
20200519
20170529
20190501
20221117
20220310
20170111
20180424
20200718
20230808
20240826
20210219
20180717
20181226
20201209
20231206
20200928
20200624
20210818
20221211
20161007
20241001
20160516
20190829
20161112
20170926
20200213
20220121
20210408
20200320
20230329
20240510
20210923
20171026
20230621
20170716
20160913
20190314
20201022
20240216
20160609
20200413
20200811
20170405
20191028
20231112
20190618
20220918
20191121
20191215
20160715
20221024
20170610
20180605
20220801
20240311
20160820
20180313
20201115
20240907
20240123
20230209
20240404
20210619
20230925
20200706
20190113
20180217
20220509
20220427
20241224
20181021
